phonopy:
  version: "2.45.1"
  frequency_unit_conversion_factor: 15.633302
  symmetry_tolerance: 1.00000e-05

space_group:
  type: "Fd-3m"
  number: 227
  Hall_symbol: "F 4d 2 3 -1d"

supercell_matrix:
- [   2,   0,   0 ]
- [   0,   2,   0 ]
- [   0,   0,   2 ]

primitive_cell:
  lattice:
  - [     3.866974650000000,     0.000000000000000,     0.000000000000000 ] # a
  - [     1.933487325000000,     3.348898282690438,     0.000000000000000 ] # b
  - [     1.933487325000000,     1.116299427563480,     3.157371580259190 ] # c
  points:
  - symbol: Si # 1
    coordinates: [  0.750000000000000,  0.750000000000000,  0.750000000000000 ]
    mass: 28.085500
  - symbol: Si # 2
    coordinates: [  0.500000000000000,  0.500000000000000,  0.500000000000000 ]
    mass: 28.085500
  reciprocal_lattice: # without 2pi
  - [     0.258600091934919,    -0.149302832691087,    -0.105573045446228 ] # a*
  - [     0.000000000000000,     0.298605665382175,    -0.105573045446228 ] # b*
  - [     0.000000000000000,     0.000000000000000,     0.316719136338685 ] # c*

unit_cell:
  lattice:
  - [     3.866974650000000,     0.000000000000000,     0.000000000000000 ] # a
  - [     1.933487325000000,     3.348898282690438,     0.000000000000000 ] # b
  - [     1.933487325000000,     1.116299427563480,     3.157371580259190 ] # c
  points:
  - symbol: Si # 1
    coordinates: [  0.750000000000000,  0.750000000000000,  0.750000000000000 ]
    mass: 28.085500
    reduced_to: 1
  - symbol: Si # 2
    coordinates: [  0.500000000000000,  0.500000000000000,  0.500000000000000 ]
    mass: 28.085500
    reduced_to: 2

supercell:
  lattice:
  - [     7.733949300000000,     0.000000000000000,     0.000000000000000 ] # a
  - [     3.866974650000001,     6.697796565380876,     0.000000000000000 ] # b
  - [     3.866974650000001,     2.232598855126959,     6.314743160518379 ] # c
  points:
  - symbol: Si # 1
    coordinates: [  0.375000000000000,  0.375000000000000,  0.375000000000000 ]
    mass: 28.085500
    reduced_to: 1
  - symbol: Si # 2
    coordinates: [  0.875000000000000,  0.375000000000000,  0.375000000000000 ]
    mass: 28.085500
    reduced_to: 1
  - symbol: Si # 3
    coordinates: [  0.375000000000000,  0.875000000000000,  0.375000000000000 ]
    mass: 28.085500
    reduced_to: 1
  - symbol: Si # 4
    coordinates: [  0.875000000000000,  0.875000000000000,  0.375000000000000 ]
    mass: 28.085500
    reduced_to: 1
  - symbol: Si # 5
    coordinates: [  0.375000000000000,  0.375000000000000,  0.875000000000000 ]
    mass: 28.085500
    reduced_to: 1
  - symbol: Si # 6
    coordinates: [  0.875000000000000,  0.375000000000000,  0.875000000000000 ]
    mass: 28.085500
    reduced_to: 1
  - symbol: Si # 7
    coordinates: [  0.375000000000000,  0.875000000000000,  0.875000000000000 ]
    mass: 28.085500
    reduced_to: 1
  - symbol: Si # 8
    coordinates: [  0.875000000000000,  0.875000000000000,  0.875000000000000 ]
    mass: 28.085500
    reduced_to: 1
  - symbol: Si # 9
    coordinates: [  0.250000000000000,  0.250000000000000,  0.250000000000000 ]
    mass: 28.085500
    reduced_to: 9
  - symbol: Si # 10
    coordinates: [  0.750000000000000,  0.250000000000000,  0.250000000000000 ]
    mass: 28.085500
    reduced_to: 9
  - symbol: Si # 11
    coordinates: [  0.250000000000000,  0.750000000000000,  0.250000000000000 ]
    mass: 28.085500
    reduced_to: 9
  - symbol: Si # 12
    coordinates: [  0.750000000000000,  0.750000000000000,  0.250000000000000 ]
    mass: 28.085500
    reduced_to: 9
  - symbol: Si # 13
    coordinates: [  0.250000000000000,  0.250000000000000,  0.750000000000000 ]
    mass: 28.085500
    reduced_to: 9
  - symbol: Si # 14
    coordinates: [  0.750000000000000,  0.250000000000000,  0.750000000000000 ]
    mass: 28.085500
    reduced_to: 9
  - symbol: Si # 15
    coordinates: [  0.250000000000000,  0.750000000000000,  0.750000000000000 ]
    mass: 28.085500
    reduced_to: 9
  - symbol: Si # 16
    coordinates: [  0.750000000000000,  0.750000000000000,  0.750000000000000 ]
    mass: 28.085500
    reduced_to: 9

displacements:
- atom:    1
  displacement:
    [   0.0100000000000000,  0.0000000000000000,  0.0000000000000000 ]
  forces:
  - [  -0.1332775000000000,  0.0011619700000000,  0.0008215300000000 ]
  - [   0.0101437300000000, -0.0000073700000000, -0.0000053200000000 ]
  - [  -0.0009548000000000,  0.0064423200000000, -0.0028170600000000 ]
  - [  -0.0009987100000000, -0.0063978900000000,  0.0028407500000000 ]
  - [  -0.0009548000000000, -0.0005084100000000,  0.0070128100000000 ]
  - [  -0.0009987100000000,  0.0005457600000000, -0.0069789900000000 ]
  - [  -0.0000639100000000,  0.0000128500000000,  0.0000090100000000 ]
  - [   0.0010890000000000,  0.0000050300000000,  0.0000034800000000 ]
  - [   0.0527098200000000,  0.0232981300000000,  0.0164743400000000 ]
  - [   0.0543235500000000, -0.0244013500000000, -0.0172542900000000 ]
  - [   0.0122131500000000, -0.0001003000000000, -0.0000310000000000 ]
  - [  -0.0034136400000000, -0.0000033800000000,  0.0000163600000000 ]
  - [   0.0122131500000000, -0.0000627100000000, -0.0000841000000000 ]
  - [  -0.0034136400000000,  0.0000142500000000, -0.0000085200000000 ]
  - [   0.0007100800000000, -0.0023696700000000, -0.0016755000000000 ]
  - [   0.0006732100000000,  0.0023707800000000,  0.0016765000000000 ]

force_constants:
  format: "full"
  shape: [ 16, 16 ]
  elements:
  - # (1, 1)
    - [    13.327749999999996,     0.000000000000001,     0.000000000000000 ]
    - [     0.000000000000001,    13.327750000000005,     0.000000000000001 ]
    - [     0.000000000000001,     0.000000000000002,    13.327750000000004 ]
  - # (1, 2)
    - [    -1.014346056107893,     0.000000000000000,     0.000000000000000 ]
    - [     0.000000000000000,     0.468341880492516,     0.326651802843060 ]
    - [     0.000000000000000,     0.326651802843061,     0.237364175615377 ]
  - # (1, 3)
    - [     0.097669896342414,    -0.642022709490343,     0.282888759454076 ]
    - [    -0.642022709490343,    -0.643674071957791,    -0.163325901421530 ]
    - [     0.282888759454076,    -0.163325901421530,     0.237364175615377 ]
  - # (1, 4)
    - [     0.097669896342414,     0.642022709490343,    -0.282888759454076 ]
    - [     0.642022709490343,    -0.643674071957791,    -0.163325901421530 ]
    - [    -0.282888759454076,    -0.163325901421530,     0.237364175615377 ]
  - # (1, 5)
    - [     0.097669896342414,     0.052702510345122,    -0.699601068559868 ]
    - [     0.052702510345122,     0.036814279272963,    -0.403914865258390 ]
    - [    -0.699601068559869,    -0.403914865258390,    -0.443124175615377 ]
  - # (1, 6)
    - [     0.097669896342414,    -0.052702510345122,     0.699601068559868 ]
    - [    -0.052702510345122,     0.036814279272963,    -0.403914865258390 ]
    - [     0.699601068559869,    -0.403914865258390,    -0.443124175615377 ]
  - # (1, 7)
    - [     0.006386470738238,     0.000000000000000,     0.000000000000000 ]
    - [     0.000000000000000,     0.128097704877139,     0.807829730516780 ]
    - [     0.000000000000000,     0.807829730516780,    -0.443124175615377 ]
  - # (1, 8)
    - [    -0.108900000000000,    -0.000000000000000,    -0.000000000000000 ]
    - [    -0.000000000000000,    -0.108900000000000,    -0.000000000000000 ]
    - [    -0.000000000000000,    -0.000000000000000,    -0.108900000000000 ]
  - # (1, 9)
    - [    -5.351804203884830,    -2.384817402422189,    -1.686320557144417 ]
    - [    -2.384817402422192,    -2.598054265371723,    -0.973597627607330 ]
    - [    -1.686320557144420,    -0.973597627607330,    -1.909616780743445 ]
  - # (1, 10)
    - [    -5.351804203884830,     2.384817402422189,     1.686320557144417 ]
    - [     2.384817402422191,    -2.598054265371723,    -0.973597627607330 ]
    - [     1.686320557144419,    -0.973597627607330,    -1.909616780743445 ]
  - # (1, 11)
    - [    -1.221179296115166,    -0.000000000000000,     0.000000000000000 ]
    - [    -0.000000000000001,    -6.728679173141390,     1.947195255214659 ]
    - [     0.000000000000000,     1.947195255214659,    -1.909616780743444 ]
  - # (1, 12)
    - [     0.341365583830371,     0.000000000000000,    -0.000000000000000 ]
    - [     0.000000000000000,     0.341365583830371,    -0.000000000000000 ]
    - [    -0.000000000000000,    -0.000000000000000,    -0.274431917660742 ]
  - # (1, 13)
    - [    -1.221179296115166,    -0.000000000000000,    -0.000000000000000 ]
    - [    -0.000000000000000,    -1.221179296115167,    -0.000000000000001 ]
    - [    -0.000000000000001,    -0.000000000000001,    -7.417116657769668 ]
  - # (1, 14)
    - [     0.341365583830371,    -0.000000000000000,     0.000000000000000 ]
    - [    -0.000000000000000,    -0.206009973050618,     0.193526484063155 ]
    - [     0.000000000000000,     0.193526484063155,     0.272943639220247 ]
  - # (1, 15)
    - [    -0.069166083830371,     0.237020568834795,     0.167598851503776 ]
    - [     0.237020568834795,     0.204521694610124,    -0.096763242031577 ]
    - [     0.167598851503777,    -0.096763242031577,     0.272943639220247 ]
  - # (1, 16)
    - [    -0.069166083830371,    -0.237020568834795,    -0.167598851503776 ]
    - [    -0.237020568834795,     0.204521694610124,    -0.096763242031577 ]
    - [    -0.167598851503777,    -0.096763242031577,     0.272943639220247 ]
  - # (2, 1)
    - [    -1.014346056107893,     0.000000000000000,     0.000000000000000 ]
    - [     0.000000000000000,     0.468341880492516,     0.326651802843061 ]
    - [     0.000000000000000,     0.326651802843060,     0.237364175615377 ]
  - # (2, 2)
    - [    13.327749999999995,    -0.000000000000003,    -0.000000000000002 ]
    - [    -0.000000000000001,    13.327749999999998,     0.000000000000005 ]
    - [    -0.000000000000001,     0.000000000000004,    13.327750000000005 ]
  - # (2, 3)
    - [     0.097669896342414,     0.642022709490343,    -0.282888759454076 ]
    - [     0.642022709490343,    -0.643674071957791,    -0.163325901421530 ]
    - [    -0.282888759454076,    -0.163325901421530,     0.237364175615377 ]
  - # (2, 4)
    - [     0.097669896342414,    -0.642022709490343,     0.282888759454076 ]
    - [    -0.642022709490343,    -0.643674071957791,    -0.163325901421530 ]
    - [     0.282888759454076,    -0.163325901421530,     0.237364175615377 ]
  - # (2, 5)
    - [     0.097669896342414,    -0.052702510345122,     0.699601068559869 ]
    - [    -0.052702510345122,     0.036814279272963,    -0.403914865258390 ]
    - [     0.699601068559868,    -0.403914865258390,    -0.443124175615377 ]
  - # (2, 6)
    - [     0.097669896342414,     0.052702510345122,    -0.699601068559868 ]
    - [     0.052702510345122,     0.036814279272963,    -0.403914865258390 ]
    - [    -0.699601068559868,    -0.403914865258390,    -0.443124175615377 ]
  - # (2, 7)
    - [    -0.108900000000000,     0.000000000000000,     0.000000000000000 ]
    - [     0.000000000000000,    -0.108900000000000,    -0.000000000000000 ]
    - [     0.000000000000000,    -0.000000000000000,    -0.108900000000000 ]
  - # (2, 8)
    - [     0.006386470738238,    -0.000000000000000,    -0.000000000000000 ]
    - [    -0.000000000000000,     0.128097704877140,     0.807829730516780 ]
    - [    -0.000000000000000,     0.807829730516780,    -0.443124175615377 ]
  - # (2, 9)
    - [    -5.351804203884830,     2.384817402422191,     1.686320557144419 ]
    - [     2.384817402422191,    -2.598054265371722,    -0.973597627607331 ]
    - [     1.686320557144418,    -0.973597627607331,    -1.909616780743445 ]
  - # (2, 10)
    - [    -5.351804203884829,    -2.384817402422189,    -1.686320557144418 ]
    - [    -2.384817402422190,    -2.598054265371722,    -0.973597627607330 ]
    - [    -1.686320557144418,    -0.973597627607330,    -1.909616780743445 ]
  - # (2, 11)
    - [     0.341365583830371,    -0.000000000000000,    -0.000000000000000 ]
    - [    -0.000000000000000,     0.341365583830371,    -0.000000000000000 ]
    - [    -0.000000000000000,     0.000000000000000,    -0.274431917660742 ]
  - # (2, 12)
    - [    -1.221179296115166,     0.000000000000000,     0.000000000000000 ]
    - [     0.000000000000000,    -6.728679173141388,     1.947195255214659 ]
    - [     0.000000000000000,     1.947195255214656,    -1.909616780743445 ]
  - # (2, 13)
    - [     0.341365583830371,    -0.000000000000000,    -0.000000000000000 ]
    - [    -0.000000000000000,    -0.206009973050618,     0.193526484063155 ]
    - [    -0.000000000000000,     0.193526484063155,     0.272943639220247 ]
  - # (2, 14)
    - [    -1.221179296115166,     0.000000000000000,     0.000000000000001 ]
    - [     0.000000000000000,    -1.221179296115166,    -0.000000000000005 ]
    - [     0.000000000000000,    -0.000000000000001,    -7.417116657769668 ]
  - # (2, 15)
    - [    -0.069166083830371,    -0.237020568834795,    -0.167598851503777 ]
    - [    -0.237020568834795,     0.204521694610124,    -0.096763242031577 ]
    - [    -0.167598851503776,    -0.096763242031577,     0.272943639220247 ]
  - # (2, 16)
    - [    -0.069166083830371,     0.237020568834795,     0.167598851503777 ]
    - [     0.237020568834795,     0.204521694610123,    -0.096763242031578 ]
    - [     0.167598851503776,    -0.096763242031578,     0.272943639220247 ]
  - # (3, 1)
    - [     0.097669896342414,    -0.642022709490343,     0.282888759454076 ]
    - [    -0.642022709490343,    -0.643674071957791,    -0.163325901421530 ]
    - [     0.282888759454076,    -0.163325901421530,     0.237364175615377 ]
  - # (3, 2)
    - [     0.097669896342414,     0.642022709490343,    -0.282888759454076 ]
    - [     0.642022709490343,    -0.643674071957791,    -0.163325901421530 ]
    - [    -0.282888759454076,    -0.163325901421530,     0.237364175615377 ]
  - # (3, 3)
    - [    13.327749999999996,    -0.000000000000001,    -0.000000000000006 ]
    - [    -0.000000000000000,    13.327750000000002,    -0.000000000000004 ]
    - [    -0.000000000000007,    -0.000000000000003,    13.327750000000004 ]
  - # (3, 4)
    - [    -1.014346056107893,    -0.000000000000000,     0.000000000000000 ]
    - [     0.000000000000000,     0.468341880492516,     0.326651802843060 ]
    - [     0.000000000000001,     0.326651802843060,     0.237364175615377 ]
  - # (3, 5)
    - [     0.006386470738238,    -0.000000000000000,     0.000000000000000 ]
    - [     0.000000000000000,     0.128097704877139,     0.807829730516780 ]
    - [     0.000000000000000,     0.807829730516780,    -0.443124175615378 ]
  - # (3, 6)
    - [    -0.108900000000000,     0.000000000000000,     0.000000000000000 ]
    - [     0.000000000000000,    -0.108900000000000,     0.000000000000000 ]
    - [     0.000000000000000,     0.000000000000000,    -0.108900000000000 ]
  - # (3, 7)
    - [     0.097669896342414,     0.052702510345122,    -0.699601068559868 ]
    - [     0.052702510345122,     0.036814279272963,    -0.403914865258390 ]
    - [    -0.699601068559868,    -0.403914865258390,    -0.443124175615377 ]
  - # (3, 8)
    - [     0.097669896342414,    -0.052702510345122,     0.699601068559869 ]
    - [    -0.052702510345122,     0.036814279272963,    -0.403914865258390 ]
    - [     0.699601068559868,    -0.403914865258390,    -0.443124175615378 ]
  - # (3, 9)
    - [    -1.221179296115166,    -0.000000000000000,     0.000000000000001 ]
    - [    -0.000000000000000,    -6.728679173141389,     1.947195255214662 ]
    - [     0.000000000000001,     1.947195255214661,    -1.909616780743446 ]
  - # (3, 10)
    - [     0.341365583830371,    -0.000000000000000,     0.000000000000000 ]
    - [     0.000000000000000,     0.341365583830371,     0.000000000000000 ]
    - [    -0.000000000000000,    -0.000000000000000,    -0.274431917660742 ]
  - # (3, 11)
    - [    -5.351804203884830,    -2.384817402422189,    -1.686320557144417 ]
    - [    -2.384817402422190,    -2.598054265371722,    -0.973597627607329 ]
    - [    -1.686320557144415,    -0.973597627607328,    -1.909616780743443 ]
  - # (3, 12)
    - [    -5.351804203884831,     2.384817402422190,     1.686320557144420 ]
    - [     2.384817402422190,    -2.598054265371722,    -0.973597627607330 ]
    - [     1.686320557144419,    -0.973597627607330,    -1.909616780743445 ]
  - # (3, 13)
    - [    -0.069166083830371,     0.237020568834795,     0.167598851503776 ]
    - [     0.237020568834795,     0.204521694610124,    -0.096763242031578 ]
    - [     0.167598851503776,    -0.096763242031578,     0.272943639220247 ]
  - # (3, 14)
    - [    -0.069166083830371,    -0.237020568834795,    -0.167598851503777 ]
    - [    -0.237020568834795,     0.204521694610124,    -0.096763242031578 ]
    - [    -0.167598851503776,    -0.096763242031577,     0.272943639220247 ]
  - # (3, 15)
    - [    -1.221179296115166,     0.000000000000000,     0.000000000000004 ]
    - [     0.000000000000000,    -1.221179296115166,     0.000000000000002 ]
    - [     0.000000000000001,     0.000000000000000,    -7.417116657769667 ]
  - # (3, 16)
    - [     0.341365583830371,    -0.000000000000000,    -0.000000000000000 ]
    - [    -0.000000000000000,    -0.206009973050618,     0.193526484063155 ]
    - [    -0.000000000000000,     0.193526484063155,     0.272943639220247 ]
  - # (4, 1)
    - [     0.097669896342414,     0.642022709490343,    -0.282888759454076 ]
    - [     0.642022709490343,    -0.643674071957791,    -0.163325901421530 ]
    - [    -0.282888759454076,    -0.163325901421530,     0.237364175615377 ]
  - # (4, 2)
    - [     0.097669896342414,    -0.642022709490343,     0.282888759454076 ]
    - [    -0.642022709490343,    -0.643674071957791,    -0.163325901421530 ]
    - [     0.282888759454076,    -0.163325901421530,     0.237364175615377 ]
  - # (4, 3)
    - [    -1.014346056107893,     0.000000000000000,     0.000000000000000 ]
    - [    -0.000000000000000,     0.468341880492516,     0.326651802843060 ]
    - [     0.000000000000000,     0.326651802843060,     0.237364175615377 ]
  - # (4, 4)
    - [    13.327750000000002,    -0.000000000000002,    -0.000000000000005 ]
    - [    -0.000000000000002,    13.327750000000000,    -0.000000000000001 ]
    - [    -0.000000000000006,    -0.000000000000002,    13.327750000000004 ]
  - # (4, 5)
    - [    -0.108900000000000,     0.000000000000000,     0.000000000000000 ]
    - [     0.000000000000000,    -0.108900000000000,     0.000000000000000 ]
    - [     0.000000000000000,     0.000000000000000,    -0.108900000000000 ]
  - # (4, 6)
    - [     0.006386470738238,    -0.000000000000000,     0.000000000000000 ]
    - [    -0.000000000000000,     0.128097704877139,     0.807829730516780 ]
    - [    -0.000000000000000,     0.807829730516780,    -0.443124175615377 ]
  - # (4, 7)
    - [     0.097669896342414,    -0.052702510345122,     0.699601068559868 ]
    - [    -0.052702510345122,     0.036814279272963,    -0.403914865258390 ]
    - [     0.699601068559869,    -0.403914865258390,    -0.443124175615378 ]
  - # (4, 8)
    - [     0.097669896342414,     0.052702510345122,    -0.699601068559868 ]
    - [     0.052702510345122,     0.036814279272963,    -0.403914865258390 ]
    - [    -0.699601068559869,    -0.403914865258390,    -0.443124175615377 ]
  - # (4, 9)
    - [     0.341365583830371,    -0.000000000000000,    -0.000000000000000 ]
    - [    -0.000000000000000,     0.341365583830371,    -0.000000000000000 ]
    - [    -0.000000000000000,    -0.000000000000000,    -0.274431917660742 ]
  - # (4, 10)
    - [    -1.221179296115166,    -0.000000000000001,     0.000000000000001 ]
    - [     0.000000000000001,    -6.728679173141387,     1.947195255214659 ]
    - [     0.000000000000000,     1.947195255214661,    -1.909616780743445 ]
  - # (4, 11)
    - [    -5.351804203884832,     2.384817402422191,     1.686320557144419 ]
    - [     2.384817402422188,    -2.598054265371720,    -0.973597627607329 ]
    - [     1.686320557144421,    -0.973597627607331,    -1.909616780743446 ]
  - # (4, 12)
    - [    -5.351804203884832,    -2.384817402422189,    -1.686320557144417 ]
    - [    -2.384817402422189,    -2.598054265371721,    -0.973597627607329 ]
    - [    -1.686320557144416,    -0.973597627607328,    -1.909616780743443 ]
  - # (4, 13)
    - [    -0.069166083830371,    -0.237020568834795,    -0.167598851503776 ]
    - [    -0.237020568834795,     0.204521694610124,    -0.096763242031577 ]
    - [    -0.167598851503776,    -0.096763242031577,     0.272943639220247 ]
  - # (4, 14)
    - [    -0.069166083830371,     0.237020568834795,     0.167598851503776 ]
    - [     0.237020568834795,     0.204521694610124,    -0.096763242031578 ]
    - [     0.167598851503777,    -0.096763242031578,     0.272943639220247 ]
  - # (4, 15)
    - [     0.341365583830371,    -0.000000000000000,    -0.000000000000000 ]
    - [     0.000000000000000,    -0.206009973050618,     0.193526484063155 ]
    - [    -0.000000000000000,     0.193526484063155,     0.272943639220247 ]
  - # (4, 16)
    - [    -1.221179296115166,     0.000000000000000,     0.000000000000001 ]
    - [     0.000000000000000,    -1.221179296115166,     0.000000000000000 ]
    - [     0.000000000000001,     0.000000000000000,    -7.417116657769668 ]
  - # (5, 1)
    - [     0.097669896342414,     0.052702510345122,    -0.699601068559869 ]
    - [     0.052702510345122,     0.036814279272963,    -0.403914865258390 ]
    - [    -0.699601068559868,    -0.403914865258390,    -0.443124175615377 ]
  - # (5, 2)
    - [     0.097669896342414,    -0.052702510345122,     0.699601068559868 ]
    - [    -0.052702510345122,     0.036814279272963,    -0.403914865258391 ]
    - [     0.699601068559868,    -0.403914865258390,    -0.443124175615377 ]
  - # (5, 3)
    - [     0.006386470738238,     0.000000000000000,     0.000000000000000 ]
    - [    -0.000000000000000,     0.128097704877140,     0.807829730516780 ]
    - [     0.000000000000000,     0.807829730516780,    -0.443124175615377 ]
  - # (5, 4)
    - [    -0.108900000000000,     0.000000000000000,     0.000000000000000 ]
    - [     0.000000000000000,    -0.108900000000000,    -0.000000000000000 ]
    - [     0.000000000000000,    -0.000000000000000,    -0.108900000000000 ]
  - # (5, 5)
    - [    13.327749999999995,    -0.000000000000001,    -0.000000000000001 ]
    - [    -0.000000000000003,    13.327750000000002,     0.000000000000006 ]
    - [    -0.000000000000002,     0.000000000000005,    13.327750000000005 ]
  - # (5, 6)
    - [    -1.014346056107893,     0.000000000000000,     0.000000000000000 ]
    - [     0.000000000000000,     0.468341880492517,     0.326651802843061 ]
    - [     0.000000000000000,     0.326651802843061,     0.237364175615377 ]
  - # (5, 7)
    - [     0.097669896342414,    -0.642022709490343,     0.282888759454076 ]
    - [    -0.642022709490343,    -0.643674071957791,    -0.163325901421530 ]
    - [     0.282888759454076,    -0.163325901421530,     0.237364175615377 ]
  - # (5, 8)
    - [     0.097669896342414,     0.642022709490343,    -0.282888759454076 ]
    - [     0.642022709490343,    -0.643674071957791,    -0.163325901421530 ]
    - [    -0.282888759454076,    -0.163325901421530,     0.237364175615377 ]
  - # (5, 9)
    - [    -1.221179296115166,     0.000000000000000,    -0.000000000000001 ]
    - [     0.000000000000000,    -1.221179296115166,    -0.000000000000005 ]
    - [     0.000000000000000,    -0.000000000000001,    -7.417116657769667 ]
  - # (5, 10)
    - [     0.341365583830371,    -0.000000000000000,     0.000000000000000 ]
    - [    -0.000000000000000,    -0.206009973050618,     0.193526484063155 ]
    - [    -0.000000000000000,     0.193526484063155,     0.272943639220247 ]
  - # (5, 11)
    - [    -0.069166083830371,     0.237020568834795,     0.167598851503777 ]
    - [     0.237020568834795,     0.204521694610123,    -0.096763242031578 ]
    - [     0.167598851503776,    -0.096763242031578,     0.272943639220247 ]
  - # (5, 12)
    - [    -0.069166083830371,    -0.237020568834795,    -0.167598851503777 ]
    - [    -0.237020568834795,     0.204521694610124,    -0.096763242031577 ]
    - [    -0.167598851503776,    -0.096763242031577,     0.272943639220247 ]
  - # (5, 13)
    - [    -5.351804203884830,    -2.384817402422189,    -1.686320557144418 ]
    - [    -2.384817402422189,    -2.598054265371722,    -0.973597627607330 ]
    - [    -1.686320557144418,    -0.973597627607330,    -1.909616780743445 ]
  - # (5, 14)
    - [    -5.351804203884829,     2.384817402422190,     1.686320557144419 ]
    - [     2.384817402422191,    -2.598054265371723,    -0.973597627607331 ]
    - [     1.686320557144418,    -0.973597627607331,    -1.909616780743445 ]
  - # (5, 15)
    - [    -1.221179296115166,     0.000000000000000,    -0.000000000000000 ]
    - [     0.000000000000000,    -6.728679173141389,     1.947195255214659 ]
    - [     0.000000000000000,     1.947195255214657,    -1.909616780743444 ]
  - # (5, 16)
    - [     0.341365583830371,     0.000000000000000,    -0.000000000000000 ]
    - [    -0.000000000000000,     0.341365583830371,    -0.000000000000000 ]
    - [    -0.000000000000000,     0.000000000000000,    -0.274431917660742 ]
  - # (6, 1)
    - [     0.097669896342414,    -0.052702510345122,     0.699601068559868 ]
    - [    -0.052702510345122,     0.036814279272963,    -0.403914865258390 ]
    - [     0.699601068559869,    -0.403914865258390,    -0.443124175615378 ]
  - # (6, 2)
    - [     0.097669896342414,     0.052702510345122,    -0.699601068559868 ]
    - [     0.052702510345122,     0.036814279272963,    -0.403914865258390 ]
    - [    -0.699601068559869,    -0.403914865258390,    -0.443124175615377 ]
  - # (6, 3)
    - [    -0.108900000000000,     0.000000000000000,     0.000000000000000 ]
    - [     0.000000000000000,    -0.108900000000000,    -0.000000000000000 ]
    - [     0.000000000000000,    -0.000000000000000,    -0.108900000000000 ]
  - # (6, 4)
    - [     0.006386470738238,    -0.000000000000000,    -0.000000000000000 ]
    - [    -0.000000000000000,     0.128097704877139,     0.807829730516780 ]
    - [    -0.000000000000000,     0.807829730516780,    -0.443124175615377 ]
  - # (6, 5)
    - [    -1.014346056107893,     0.000000000000000,     0.000000000000000 ]
    - [     0.000000000000000,     0.468341880492516,     0.326651802843060 ]
    - [     0.000000000000000,     0.326651802843060,     0.237364175615377 ]
  - # (6, 6)
    - [    13.327749999999996,    -0.000000000000004,    -0.000000000000003 ]
    - [    -0.000000000000004,    13.327750000000005,     0.000000000000002 ]
    - [    -0.000000000000004,     0.000000000000001,    13.327750000000005 ]
  - # (6, 7)
    - [     0.097669896342414,     0.642022709490343,    -0.282888759454076 ]
    - [     0.642022709490343,    -0.643674071957792,    -0.163325901421530 ]
    - [    -0.282888759454076,    -0.163325901421530,     0.237364175615377 ]
  - # (6, 8)
    - [     0.097669896342414,    -0.642022709490343,     0.282888759454076 ]
    - [    -0.642022709490343,    -0.643674071957791,    -0.163325901421530 ]
    - [     0.282888759454076,    -0.163325901421530,     0.237364175615377 ]
  - # (6, 9)
    - [     0.341365583830371,    -0.000000000000000,    -0.000000000000000 ]
    - [    -0.000000000000000,    -0.206009973050618,     0.193526484063155 ]
    - [    -0.000000000000000,     0.193526484063155,     0.272943639220247 ]
  - # (6, 10)
    - [    -1.221179296115166,     0.000000000000000,     0.000000000000001 ]
    - [     0.000000000000000,    -1.221179296115167,    -0.000000000000001 ]
    - [     0.000000000000001,    -0.000000000000000,    -7.417116657769667 ]
  - # (6, 11)
    - [    -0.069166083830371,    -0.237020568834795,    -0.167598851503776 ]
    - [    -0.237020568834795,     0.204521694610124,    -0.096763242031577 ]
    - [    -0.167598851503777,    -0.096763242031577,     0.272943639220247 ]
  - # (6, 12)
    - [    -0.069166083830371,     0.237020568834795,     0.167598851503776 ]
    - [     0.237020568834795,     0.204521694610124,    -0.096763242031578 ]
    - [     0.167598851503777,    -0.096763242031578,     0.272943639220247 ]
  - # (6, 13)
    - [    -5.351804203884830,     2.384817402422190,     1.686320557144418 ]
    - [     2.384817402422193,    -2.598054265371724,    -0.973597627607331 ]
    - [     1.686320557144420,    -0.973597627607330,    -1.909616780743445 ]
  - # (6, 14)
    - [    -5.351804203884830,    -2.384817402422188,    -1.686320557144416 ]
    - [    -2.384817402422190,    -2.598054265371722,    -0.973597627607329 ]
    - [    -1.686320557144418,    -0.973597627607329,    -1.909616780743443 ]
  - # (6, 15)
    - [     0.341365583830371,    -0.000000000000000,    -0.000000000000000 ]
    - [    -0.000000000000000,     0.341365583830371,    -0.000000000000000 ]
    - [    -0.000000000000000,    -0.000000000000000,    -0.274431917660742 ]
  - # (6, 16)
    - [    -1.221179296115166,     0.000000000000001,     0.000000000000000 ]
    - [     0.000000000000001,    -6.728679173141390,     1.947195255214660 ]
    - [     0.000000000000000,     1.947195255214660,    -1.909616780743445 ]
  - # (7, 1)
    - [     0.006386470738238,    -0.000000000000000,    -0.000000000000000 ]
    - [    -0.000000000000000,     0.128097704877139,     0.807829730516780 ]
    - [     0.000000000000000,     0.807829730516780,    -0.443124175615377 ]
  - # (7, 2)
    - [    -0.108900000000000,     0.000000000000000,     0.000000000000000 ]
    - [     0.000000000000000,    -0.108900000000000,    -0.000000000000000 ]
    - [     0.000000000000000,    -0.000000000000000,    -0.108900000000000 ]
  - # (7, 3)
    - [     0.097669896342414,     0.052702510345122,    -0.699601068559868 ]
    - [     0.052702510345122,     0.036814279272963,    -0.403914865258390 ]
    - [    -0.699601068559868,    -0.403914865258390,    -0.443124175615377 ]
  - # (7, 4)
    - [     0.097669896342414,    -0.052702510345122,     0.699601068559868 ]
    - [    -0.052702510345122,     0.036814279272963,    -0.403914865258390 ]
    - [     0.699601068559868,    -0.403914865258390,    -0.443124175615377 ]
  - # (7, 5)
    - [     0.097669896342414,    -0.642022709490343,     0.282888759454076 ]
    - [    -0.642022709490343,    -0.643674071957791,    -0.163325901421530 ]
    - [     0.282888759454076,    -0.163325901421530,     0.237364175615377 ]
  - # (7, 6)
    - [     0.097669896342414,     0.642022709490343,    -0.282888759454076 ]
    - [     0.642022709490343,    -0.643674071957791,    -0.163325901421530 ]
    - [    -0.282888759454076,    -0.163325901421530,     0.237364175615377 ]
  - # (7, 7)
    - [    13.327749999999995,    -0.000000000000001,    -0.000000000000003 ]
    - [    -0.000000000000001,    13.327750000000005,     0.000000000000001 ]
    - [    -0.000000000000002,     0.000000000000002,    13.327749999999998 ]
  - # (7, 8)
    - [    -1.014346056107893,     0.000000000000000,     0.000000000000000 ]
    - [     0.000000000000000,     0.468341880492517,     0.326651802843060 ]
    - [     0.000000000000000,     0.326651802843060,     0.237364175615377 ]
  - # (7, 9)
    - [    -0.069166083830371,     0.237020568834795,     0.167598851503776 ]
    - [     0.237020568834795,     0.204521694610124,    -0.096763242031578 ]
    - [     0.167598851503776,    -0.096763242031578,     0.272943639220247 ]
  - # (7, 10)
    - [    -0.069166083830371,    -0.237020568834795,    -0.167598851503776 ]
    - [    -0.237020568834795,     0.204521694610124,    -0.096763242031577 ]
    - [    -0.167598851503776,    -0.096763242031577,     0.272943639220247 ]
  - # (7, 11)
    - [    -1.221179296115166,     0.000000000000000,     0.000000000000001 ]
    - [    -0.000000000000000,    -1.221179296115167,    -0.000000000000002 ]
    - [     0.000000000000000,     0.000000000000001,    -7.417116657769665 ]
  - # (7, 12)
    - [     0.341365583830371,    -0.000000000000000,    -0.000000000000000 ]
    - [    -0.000000000000000,    -0.206009973050618,     0.193526484063155 ]
    - [    -0.000000000000000,     0.193526484063155,     0.272943639220247 ]
  - # (7, 13)
    - [    -1.221179296115166,     0.000000000000001,     0.000000000000000 ]
    - [     0.000000000000000,    -6.728679173141392,     1.947195255214660 ]
    - [     0.000000000000000,     1.947195255214656,    -1.909616780743442 ]
  - # (7, 14)
    - [     0.341365583830371,    -0.000000000000000,     0.000000000000000 ]
    - [    -0.000000000000000,     0.341365583830371,    -0.000000000000000 ]
    - [    -0.000000000000000,     0.000000000000000,    -0.274431917660742 ]
  - # (7, 15)
    - [    -5.351804203884829,    -2.384817402422190,    -1.686320557144417 ]
    - [    -2.384817402422190,    -2.598054265371723,    -0.973597627607329 ]
    - [    -1.686320557144418,    -0.973597627607329,    -1.909616780743443 ]
  - # (7, 16)
    - [    -5.351804203884830,     2.384817402422192,     1.686320557144418 ]
    - [     2.384817402422191,    -2.598054265371724,    -0.973597627607330 ]
    - [     1.686320557144418,    -0.973597627607330,    -1.909616780743444 ]
  - # (8, 1)
    - [    -0.108900000000000,     0.000000000000000,     0.000000000000000 ]
    - [     0.000000000000000,    -0.108900000000000,     0.000000000000000 ]
    - [     0.000000000000000,     0.000000000000000,    -0.108900000000000 ]
  - # (8, 2)
    - [     0.006386470738238,    -0.000000000000000,     0.000000000000000 ]
    - [    -0.000000000000000,     0.128097704877139,     0.807829730516780 ]
    - [    -0.000000000000000,     0.807829730516781,    -0.443124175615378 ]
  - # (8, 3)
    - [     0.097669896342414,    -0.052702510345122,     0.699601068559868 ]
    - [    -0.052702510345122,     0.036814279272963,    -0.403914865258390 ]
    - [     0.699601068559868,    -0.403914865258390,    -0.443124175615377 ]
  - # (8, 4)
    - [     0.097669896342414,     0.052702510345122,    -0.699601068559869 ]
    - [     0.052702510345122,     0.036814279272963,    -0.403914865258390 ]
    - [    -0.699601068559868,    -0.403914865258390,    -0.443124175615377 ]
  - # (8, 5)
    - [     0.097669896342414,     0.642022709490343,    -0.282888759454076 ]
    - [     0.642022709490343,    -0.643674071957791,    -0.163325901421530 ]
    - [    -0.282888759454076,    -0.163325901421530,     0.237364175615377 ]
  - # (8, 6)
    - [     0.097669896342414,    -0.642022709490343,     0.282888759454076 ]
    - [    -0.642022709490343,    -0.643674071957791,    -0.163325901421530 ]
    - [     0.282888759454076,    -0.163325901421530,     0.237364175615377 ]
  - # (8, 7)
    - [    -1.014346056107893,     0.000000000000000,     0.000000000000000 ]
    - [    -0.000000000000000,     0.468341880492516,     0.326651802843060 ]
    - [     0.000000000000000,     0.326651802843060,     0.237364175615377 ]
  - # (8, 8)
    - [    13.327749999999998,     0.000000000000000,    -0.000000000000004 ]
    - [     0.000000000000000,    13.327750000000002,    -0.000000000000005 ]
    - [    -0.000000000000003,    -0.000000000000005,    13.327750000000007 ]
  - # (8, 9)
    - [    -0.069166083830371,    -0.237020568834795,    -0.167598851503776 ]
    - [    -0.237020568834795,     0.204521694610124,    -0.096763242031578 ]
    - [    -0.167598851503776,    -0.096763242031578,     0.272943639220247 ]
  - # (8, 10)
    - [    -0.069166083830371,     0.237020568834795,     0.167598851503776 ]
    - [     0.237020568834795,     0.204521694610124,    -0.096763242031578 ]
    - [     0.167598851503776,    -0.096763242031578,     0.272943639220247 ]
  - # (8, 11)
    - [     0.341365583830371,    -0.000000000000000,     0.000000000000000 ]
    - [     0.000000000000000,    -0.206009973050618,     0.193526484063155 ]
    - [    -0.000000000000000,     0.193526484063155,     0.272943639220247 ]
  - # (8, 12)
    - [    -1.221179296115166,    -0.000000000000000,     0.000000000000001 ]
    - [    -0.000000000000000,    -1.221179296115166,     0.000000000000001 ]
    - [     0.000000000000000,     0.000000000000001,    -7.417116657769668 ]
  - # (8, 13)
    - [     0.341365583830371,    -0.000000000000000,    -0.000000000000000 ]
    - [     0.000000000000000,     0.341365583830371,    -0.000000000000000 ]
    - [    -0.000000000000000,    -0.000000000000000,    -0.274431917660742 ]
  - # (8, 14)
    - [    -1.221179296115166,    -0.000000000000003,     0.000000000000001 ]
    - [    -0.000000000000000,    -6.728679173141389,     1.947195255214661 ]
    - [     0.000000000000000,     1.947195255214662,    -1.909616780743445 ]
  - # (8, 15)
    - [    -5.351804203884830,     2.384817402422191,     1.686320557144418 ]
    - [     2.384817402422188,    -2.598054265371722,    -0.973597627607329 ]
    - [     1.686320557144419,    -0.973597627607330,    -1.909616780743445 ]
  - # (8, 16)
    - [    -5.351804203884831,    -2.384817402422190,    -1.686320557144417 ]
    - [    -2.384817402422190,    -2.598054265371722,    -0.973597627607329 ]
    - [    -1.686320557144417,    -0.973597627607329,    -1.909616780743444 ]
  - # (9, 1)
    - [    -5.351804203884831,    -2.384817402422190,    -1.686320557144417 ]
    - [    -2.384817402422190,    -2.598054265371722,    -0.973597627607328 ]
    - [    -1.686320557144416,    -0.973597627607328,    -1.909616780743443 ]
  - # (9, 2)
    - [    -5.351804203884830,     2.384817402422191,     1.686320557144418 ]
    - [     2.384817402422188,    -2.598054265371722,    -0.973597627607329 ]
    - [     1.686320557144419,    -0.973597627607330,    -1.909616780743445 ]
  - # (9, 3)
    - [    -1.221179296115166,    -0.000000000000003,     0.000000000000001 ]
    - [     0.000000000000000,    -6.728679173141389,     1.947195255214661 ]
    - [     0.000000000000000,     1.947195255214663,    -1.909616780743446 ]
  - # (9, 4)
    - [     0.341365583830371,    -0.000000000000000,    -0.000000000000000 ]
    - [    -0.000000000000000,     0.341365583830371,    -0.000000000000000 ]
    - [    -0.000000000000000,    -0.000000000000000,    -0.274431917660742 ]
  - # (9, 5)
    - [    -1.221179296115166,    -0.000000000000000,     0.000000000000001 ]
    - [    -0.000000000000000,    -1.221179296115167,     0.000000000000001 ]
    - [     0.000000000000001,     0.000000000000001,    -7.417116657769668 ]
  - # (9, 6)
    - [     0.341365583830371,    -0.000000000000000,    -0.000000000000000 ]
    - [     0.000000000000000,    -0.206009973050618,     0.193526484063155 ]
    - [    -0.000000000000000,     0.193526484063155,     0.272943639220247 ]
  - # (9, 7)
    - [    -0.069166083830371,     0.237020568834795,     0.167598851503776 ]
    - [     0.237020568834795,     0.204521694610124,    -0.096763242031578 ]
    - [     0.167598851503776,    -0.096763242031578,     0.272943639220247 ]
  - # (9, 8)
    - [    -0.069166083830371,    -0.237020568834795,    -0.167598851503776 ]
    - [    -0.237020568834795,     0.204521694610124,    -0.096763242031578 ]
    - [    -0.167598851503776,    -0.096763242031578,     0.272943639220247 ]
  - # (9, 9)
    - [    13.327749999999996,     0.000000000000002,    -0.000000000000003 ]
    - [     0.000000000000002,    13.327750000000004,    -0.000000000000005 ]
    - [    -0.000000000000004,    -0.000000000000006,    13.327750000000004 ]
  - # (9, 10)
    - [    -1.014346056107893,     0.000000000000000,     0.000000000000000 ]
    - [    -0.000000000000000,     0.468341880492516,     0.326651802843060 ]
    - [     0.000000000000000,     0.326651802843060,     0.237364175615377 ]
  - # (9, 11)
    - [     0.097669896342414,    -0.642022709490343,     0.282888759454076 ]
    - [    -0.642022709490343,    -0.643674071957791,    -0.163325901421530 ]
    - [     0.282888759454076,    -0.163325901421530,     0.237364175615377 ]
  - # (9, 12)
    - [     0.097669896342414,     0.642022709490343,    -0.282888759454076 ]
    - [     0.642022709490343,    -0.643674071957791,    -0.163325901421530 ]
